1551410843
100000084005353
100002566372545
100000123009767
100002903522669
100010198930287
100010737363925
100012323287897
100007434857419
100005796907607
100001306702323
100005484183943
100004960754427
100011183325845
100008317637333
814533903
100009367078356
100006933878822
100000153878406
100015917047282
100004223770859
100001583525065
100007014821296
100000790535257
100007900386629
100008223154318
100003120069536
100014819359467
100005542511224
100015720875197
100002159177533
100009306353241
100011082908413
100010571252666
100010385622961
100009136752469
1716956179
100013386606715
100000453874807
100000125177016
100007517613179
100004414502697
100006119648372
100016515196514
100004701609574
100000234672828
100003117454520
100004114096472
100014806452200
100008377986198
100009709682043
100007918415175
100012927761495
100010193923313
100003233234799
100000100035980
100005670784521
100008368249313
100007298110396
100005391647218
100000310833975
100006677768561
100008767362764
100005458482276
100004769505578
100002880496789
100003224412442
100010165096743
100003230301875
100001774912016
100000955210265
100000184094930
100002982044913
100004187894179
100008269128957
100006558068763
100005956600990
100015518205670
100013332812337
100017041717257
100006468339448
100010098049120
100014619270165
1259101331
880420510
100002066180911
100000167762564
1833662622
100001696998736
100012583119974
100012513558493
100016331774553
100006231798290
100004049022858
100009135095117
100008548061698
100005889582131
100004688795915
100003109124006
100010625923568
100011169937034
100010402234418
655714511
100006015906872
100000208757167
100002829256586
100016874449314
100000119123216
100009263753815
100011431866132
100007125690577
100007808681606
100005864860321
100007975817779
100012471220021
100005573282243
100013729638829
100010135543461
100011000221368
100011049373411
100003830956317
100008902660087
100004083098988
100013499267098
100006766560849
100004728407914
100008429567085
100004779065187
100010617244095
100004788428509
100004204873455
100006800655021
100009571156152
100008236845301
100004028927651
100002833216916
100006533767562
100009756150212
100003204701364
100009120028589
100006255512559
100008734721748
100004506616989
1596362888
100004197335336
100009074027225
100001050567403
100000884121445
100000157800432
100000389618799
100003975957039
100010159291859
100005049729617
100000774301187
100005104838781
100004621987922
100000186969517
100005318917328
100007865314724
100012977202721
100000778135058
1754942047
100015935714272
100012198436218
100013614900409
100000785326032
100005737957691
100006810078514
100004575062418
100014169305012
100007839902253
100010944457827
733687232
100001767202236
100004614483852
100005999176475
100005718619494
100012568299080
100007777833912
100007191391629
100003787920921
100009737798026
100006767117959
100010051446302
100006629344560
100005663375345
100009925273497
100003766861254
100009194057805
1762435173
100008573686613
100009226389884
100007524915955
100002988960027
100003722911332
100003222816178
100009401911411
100004420331169
100004026978193
100010747720617
100000043265137
100004945172658
100009622532930
100009466453942
100011538674116
100009698793859
100008018740626
100006492173332
100004788250870
100006468963579
100007743193441
100008233539115
100001498652567
100001104841530
100013541351893
100012741302948
100001194583195
100004375387776
100003930801649
100000408996594
100011396795817
100006877716615
100005383501457
100010425697196
100000070666986
100010058295306
100011358211201
100006878114772
100004028734702
100015751904019
100003658250856
100010625466571
100002376136045
100003137434051
100007834861599
100004375473459
100003999885720
1477283973
100005565279242
100013436554614
100000485024612
100000262595174
100001464840784
100005772975648
100007938840743
687979698
100006686733731
100009165586977
100002651028562
100007089796756
100004623071360
100005586517183
100010830099762
100004167180548
100004011614131
1799923371
100006544362502
100010633412334
100003516646755
100005853573496
100005924291092
100006520095471
100000287155483
100004936865502
100003869424291
100003926969129
100007697741796
100010192273617
100007150843257
100000566375327
100010136530263
100005427971951
100002468110632
100001488038175
100014047386540
100008836260979
100000324173686
100010676562966
100009855102669
100008085882016
100004538508297
100008667331629
100008311431339
100011172615307
100016881660291
100015209467990
100001506787326
100015426030922
100008030106550
100007315628827
100006757392680
100006827041038
100003988203892
100007268057527
100008488966295
100003168706946
100004201939490
100005897314284
100016080001867
100000214981676
100000121526096
100008504777851
100005374845738
100011438980335
100010626524200
661464586
100005443808334
1798104944
100013792267974
100003083451655
100005611206777
100000273937913
100005353426402
1473180375
100015211807561
100007828574538
100001670040890
100007495356768
100006451262355
100011691675068
100013147902175
100008431326115
100011456280513
100006965047201
100000834134644
100000800177893
100006529634741
100004113337120
100004005069997
100009135987005
100004921508910
100006310272078
100009877420834
100011219086441
100010892973530
100009450271750
100010157288934
100000585656974
100000034567849
100002879273959
100005311657731
100009465709717
100000568285466
100003020570208
100015745471417
100005600371373
100000030524966
100004760560669
100003952906594
100002656275226
100008711191872
100000227506281
100011193392775
100005092061787
100004306903716
100009272380652
100005527896616
100008676337079
100003775253779
100011365428816
100006194713651
100004682501232
100014447989221
100007897369390
100007807202517
100007835677155
100000035053321
100014459613285
100000711401772
100009068687004
100004001156324
100010331350124
100004096230938
100001386625026
100007537921243
100003866153936
100010676142713
100011143743205
100004754613565
100010876694387
100012663600560
100002273275049
100003372429686
100005972676069
100014213536666
100014642768549
100008341921775
100005892872497
100001782294534
100016896099967
100009569027887
100007568508165
100005257680716
100011259341259
100003698495694
100004883952625
100010380936881
100015215342163
100009331494942
100004670353737
100001309033070
100010538256743
100010817162509
100010340358906
100006537602853
100009350662017
100000019844883
100006488100913
100013063844581
100006509149846
100004482940140
100000267374690
100010710932211
1251191520
100011139421677
100009178991321
100002861053801
100015226566533
100009748233964
100005443154065
100006561304967
100005700637189
100011596693169
100005551869435
100003656215385
1115726980
100006032652848
100015759727969
100017586585391
100004213307138
100009312843753
100007731362941
100000396292223
100000084529879
100003577914373
100014804977779
100006077913362
100008101957135